27243
27969
30150
30196
31303
31304
31685
31686
31687
31688
31689
31690
31691
32211
33467
35290
37694
37695
37730
37731
37896
37897
37898
38173
40562
40733
43207
44589
49383
49482
51294
51302
51415
51424
51428
51430
51431
51433
51439
51440
51441
51442
51443
51445
51446
51447
51448
51449
51454
51456
51464
55592
55707
55739
55740
55856
55914
55917
56139
37611    
37612        
37613        
37614        
37615        
37616    
37617        
37618        
37619        
37620    
37621
48627
48628
48629
48630
48631
48632
48633
48634
48635
48636
29116
37748
30105
35832
44588
35812
35835
37690
37698
37705
27983
33228
29116
40784
30414
30612
273
33721